Date=May 29 2024
Time=14:21:34
h=0.01
lmin=0.02
lmax=0.2
Q=1
alpha_mu=1
alpha_CV=0
beta=0.9
Amin=0
Amax_mu=3.14159
Amax_CV=0
gam=1000
ka=100000
kl=10000
kb=0
kr=1e+07
kh=1e+06
sh=0.01
ss=0.01
theta=0
mu=0
rho=0
g=0
gl=0
cv=10
cd=0
cc=30
dt=0.0001
NUM_SPECIES=1
NUM_KIN=1
ADVECTION_DILUTION=0
D0=[16.000000]
k0=[0.000000]
p0=[0.000000]
D_mu=[16.000000]
k_mu=[1.000000]
p_mu=[1.000000]
threshold_mu=[0.010000]
D_CV=[0.300000]
k_CV=[0.300000]
p_CV=[0.300000]
threshold_CV=[0.300000]
dx=0.5
dt=0.0001
Nf=100
Ns=1000
Nr=0
cutoff_factor=2
chemotaixs_strength=[0.000000, 0.000000]
RNG_SEED=90178009
Output::u=1
Output::D=1
Output::p=1
Output::k=1
Output::parent_idx=1
Output::threshold=1
Output::flag=1
Output::velocity=1
