Date=May  1 2024
Time=20:35:03
D0=[64.000000, 32.000000]
k0=[0.000000, 0.000000, 0.000000]
p0=[0.000000, 0.000000]
D_mu=[64.000000, 32.000000]
k_mu=[1.000000, 1.000000, 10.000000]
p_mu=[24.000000, 1.000000]
threshold_mu=[0.250000, 0.100000]
D_CV=[0.300000, 0.300000]
k_CV=[0.100000, 0.100000, 0.100000]
p_CV=[0.300000, 0.000000]
threshold_CV=[0.100000, 0.100000]
dx=0.25
dt=0.0001
Nf=100
Ns=2000
Nr=0
