Date=May  2 2024
Time=14:30:26
NUM_SPECIES=2
NUM_KIN=3
D0=[32.000000, 32.000000]
k0=[0.000000, 0.000000, 0.000000]
p0=[0.000000, 0.000000]
D_mu=[32.000000, 32.000000]
k_mu=[1.000000, 1.000000, 10.000000]
p_mu=[24.000000, 24.000000]
threshold_mu=[0.250000, 0.100000]
D_CV=[0.300000, 0.300000]
k_CV=[0.100000, 0.100000, 0.100000]
p_CV=[0.300000, 0.300000]
threshold_CV=[0.100000, 0.100000]
dx=0.5
dt=0.0001
Nf=100
Ns=1000
Nr=1
cutoff_factor=2
Output::u=1
Output::D=1
Output::p=1
Output::k=1
Output::parent_idx=1
Output::threshold=1
Output::flag=1
